0, 120, 2, 118, 293, 116, 288, 113, 284, 111, 281, 109, 285, 107, 277, 105, 271, 104, 273, 108, 
287, 114, 296, 117, 3, 126, 7, 145, 28, 143, 26, 140, 21, 138, 18, 136, 19, 153, 10, 147, 
30, 218, 37, 224, 42, 228, 47, 229, 41, 226, 48, 227, 44, 231, 54, 234, 58, 237, 56, 233, 
59, 236, 49, 225, 45, 230, 40, 232, 43, 223, 50, 235, 53, 229, 55, 238, 48, 228, 38, 221, 
44, 237, 46, 239, 54, 241, 59, 234, 39, 233, 60, 232, 51, 230, 56, 235, 57, 229, 36, 150, 
5, 123, 299, 121, 295, 118, 0, 141, 17, 133, 16, 151, 3, 143, 11, 130, 8, 154, 27, 158, 
30, 142, 20, 135, 14, 137, 22, 155, 10, 140, 1, 147, 28, 149, 0, 115, 283, 109, 276, 103, 
266, 105, 270, 107, 289, 110, 279, 104, 264, 106, 286, 116, 4, 114, 1, 145, 31, 146, 17, 137, 
3, 149, 13, 136, 6, 148, 29, 160, 30, 221, 50, 237, 39, 226, 54, 242, 47, 236, 55, 225, 
41, 231, 52, 243, 46, 230, 38, 238, 43, 222, 49, 227, 40, 233, 37, 153, 35, 220, 45, 240, 
55, 223, 41, 218, 50, 234, 57, 228, 56, 239, 42, 157, 31, 141, 292, 119, 275, 111, 278, 105, 
207, 103, 206, 101, 204, 97, 202, 94, 201, 98, 205, 99, 255, 114, 283, 107, 290, 109, 268, 115, 
297, 113, 273, 111, 263, 106, 291, 142, 299, 146, 6, 140, 13, 129, 285, 159, 26, 135, 15, 157, 
27, 139, 7, 120, 274, 103, 280, 116, 271, 102, 267, 113, 256, 115, 294, 108, 251, 110, 282, 156, 
21, 134, 23, 216, 46, 219, 36, 234, 48, 241, 41, 158, 17, 148, 299, 152, 38, 236, 51, 244, 
45, 222, 56, 224, 34, 154, 30, 143, 4, 125, 8, 141, 10, 120, 291, 163, 290, 133, 12, 130, 
17, 211, 14, 159, 16, 155, 3, 146, 34, 231, 55, 246, 51, 217, 39, 151, 278, 152, 2, 112, 
249, 106, 269, 108, 248, 57, 238, 49, 224, 26, 148, 3, 127, 284, 104, 208, 101, 203, 96, 204, 
100, 201, 102, 260, 107, 276, 153, 295, 143, 32, 216, 52, 226, 44, 232, 58, 245, 43, 241, 60, 
235, 39, 242, 53, 215, 19, 160, 287, 105, 206, 100, 234, 33, 156, 0, 151, 22, 139, 31, 220, 
51, 233, 43, 227, 58, 225, 29, 144, 5, 115, 254, 116, 8, 146, 27, 161, 286, 137, 268, 111, 
288, 134, 282, 154, 299, 150, 2, 147, 34, 141, 287, 136, 25, 214, 20, 157, 281, 155, 294, 119, 
14, 128, 18, 217, 45, 158, 291, 108, 209, 15, 133, 292, 166, 296, 107, 245, 44, 240, 37, 237, 
60, 230, 47, 215, 52, 219, 40, 155, 28, 222, 35, 145, 3, 119, 299, 157, 280, 151, 298, 124, 
281, 115, 9, 135, 7, 118, 259, 112, 211, 104, 203, 98, 198, 95, 200, 101, 272, 142, 6, 122, 
258, 137, 4, 149, 283, 154, 275, 106, 261, 100, 207, 10, 114, 257, 103, 278, 156, 2, 138, 11, 
212, 21, 131, 16, 220, 39, 231, 59, 244, 46, 238, 36, 164, 288, 162, 48, 213, 10, 133, 27, 
150, 3, 208, 109, 247, 50, 220, 56, 249, 52, 229, 40, 242, 103, 265, 136, 4, 111, 286, 163, 
25, 146, 294, 160, 293, 148, 1, 153, 31, 135, 27, 223, 29, 221, 46, 218, 17, 143, 266, 133, 
32, 235, 99, 209, 113, 6, 207, 102, 202, 93, 201, 104, 252, 138, 255, 130, 25, 226, 49, 211, 
115, 15, 117, 212, 52, 217, 42, 246, 116, 267, 140, 35, 152, 279, 150, 292, 105, 283, 131, 10, 
112, 298, 153, 277, 156, 289, 161, 29, 142, 9, 144, 12, 123, 18, 132, 282, 150, 40, 184, 45, 
232, 38, 223, 59, 239, 35, 234, 61, 228, 28, 129, 21, 135, 10, 149, 6, 173, 297, 205, 106, 
210, 53, 214, 122, 20, 147, 7, 206, 95, 201, 97, 199, 102, 269, 114, 212, 13, 221, 49, 240, 
109, 259, 136, 30, 214, 9, 140, 252, 107, 292, 154, 294, 167, 290, 151, 297, 121, 215, 118, 244, 
57, 219, 14, 138, 29, 236, 41, 213, 20, 159, 43, 156, 287, 165, 296, 152, 0, 117, 245, 56, 
251, 141, 1, 150, 298, 204, 93, 199, 91, 201, 299, 111, 250, 50, 162, 26, 129, 19, 120, 216, 
47, 243, 58, 233, 101, 197, 99, 210, 5, 147, 16, 135, 265, 144, 257, 137, 15, 217, 125, 17, 
207, 48, 235, 59, 242, 38, 139, 12, 114, 271, 150, 44, 222, 60, 229, 27, 123, 213, 95, 203, 
297, 209, 107, 274, 101, 270, 152, 289, 163, 285, 121, 21, 216, 126, 29, 128, 22, 222, 12, 136, 
263, 142, 4, 151, 37, 185, 15, 134, 18, 140, 296, 159, 283, 161, 291, 117, 8, 144, 254, 139, 
9, 113, 13, 220, 120, 23, 135, 266, 109, 261, 143, 37, 227, 61, 231, 26, 178, 5, 215, 114, 
243, 56, 236, 31, 134, 35, 230, 98, 211, 97, 232, 25, 157, 46, 248, 54, 238, 64, 237, 34, 
240, 69, 241, 40, 149, 2, 127, 219, 121, 290, 155, 275, 100, 196, 87, 194, 84, 253, 133, 280, 
101, 216, 96, 200, 105, 297, 174, 3, 169, 291, 151, 1, 208, 110, 11, 148, 32, 180, 16, 132, 
33, 141, 7, 161, 288, 108, 262, 147, 43, 246, 52, 211, 118, 20, 227, 41, 182, 30, 159, 34, 
131, 218, 57, 257, 124, 219, 44, 224, 59, 238, 105, 265, 152, 36, 212, 48, 249, 142, 42, 235, 
34, 153, 299, 202, 99, 200, 0, 210, 15, 136, 9, 185, 75, 186, 8, 217, 95, 212, 116, 3, 
144, 47, 160, 281, 112, 216, 18, 121, 260, 120, 30, 124, 214, 15, 127, 23, 210, 296, 205, 8, 
137, 256, 147, 273, 151, 47, 254, 53, 166, 41, 208, 100, 198, 104, 293, 202, 298, 171, 9, 215, 
24, 164, 287, 154, 45, 188, 79, 190, 42, 225, 54, 211, 295, 106, 270, 139, 3, 216, 128, 33, 
163, 58, 247, 113, 16, 126, 26, 123, 19, 229, 37, 243, 60, 218, 99, 240, 41, 148, 4, 213, 
115, 8, 160, 292, 110, 239, 62, 222, 119, 24, 133, 13, 183, 10, 223, 109, 5, 207, 111, 17, 
124, 279, 102, 196, 287, 162, 61, 258, 113, 221, 127, 35, 123, 216, 129, 257, 46, 213, 32, 240, 
134, 11, 204, 103, 272, 112, 285, 197, 86, 195, 104, 298, 208, 16, 178, 23, 130, 234, 22, 159, 
0, 145, 264, 141, 250, 51, 239, 57, 165, 50, 191, 81, 248, 76, 243, 102, 277, 193, 83, 254, 
131, 19, 133, 221, 14, 142, 5, 220, 135, 42, 181, 31, 219, 7, 172, 294, 153, 46, 145, 296, 
175, 40, 203, 291, 111, 226, 10, 125, 229, 96, 196, 298, 210, 116, 26, 118, 25, 225, 130, 35, 
119, 21, 232, 102, 205, 19, 163, 60, 260, 148, 250, 46, 255, 62, 233, 96, 211, 120, 264, 184, 
49, 146, 45, 259, 121, 29, 166, 56, 209, 39, 254, 141, 11, 222, 132, 267, 185, 22, 212, 294, 
107, 237, 28, 122, 283, 164, 59, 170, 296, 155, 44, 252, 48, 202, 41, 160, 61, 217, 2, 144, 
4, 199, 289, 162, 282, 198, 106, 225, 116, 218, 15, 140, 8, 149, 299, 107, 265, 187, 36, 118, 
272, 190, 85, 253, 43, 139, 20, 189, 14, 133, 249, 54, 156, 293, 159, 290, 196, 103, 200, 13, 
226, 137, 12, 213, 93, 206, 18, 110, 4, 221, 138, 223, 131, 27, 230, 62, 158, 294, 214, 40, 
228, 64, 169, 277, 129, 20, 136, 243, 39, 167, 55, 248, 49, 251, 52, 262, 103, 267, 154, 298, 
143, 245, 53, 250, 124, 25, 127, 232, 54, 168, 287, 200, 36, 122, 26, 182, 14, 131, 18, 137, 
235, 67, 167, 267, 51, 144, 6, 104, 193, 286, 102, 268, 164, 272, 152, 297, 211, 37, 117, 29, 
220, 140, 48, 187, 74, 245, 131, 22, 231, 114, 28, 139, 225, 112, 31, 124, 33, 119, 217, 17, 
138, 230, 15, 198, 58, 261, 180, 256, 38, 116, 241, 65, 174, 283, 101, 238, 27, 166, 250, 150, 
51, 263, 185, 260, 181, 70, 167, 288, 205, 97, 209, 54, 191, 105, 276, 130, 215, 32, 129, 235, 
63, 162, 285, 172, 248, 112, 15, 132, 218, 1, 157, 292, 195, 111, 260, 44, 263, 159, 277, 175, 
252, 80, 187, 269, 154, 295, 146, 14, 231, 145, 6, 141, 289, 204, 107, 190, 274, 117, 27, 128, 
1, 105, 5, 126, 36, 110, 30, 113, 37, 257, 179, 282, 175, 19, 132, 44, 206, 286, 158, 32, 
134, 9, 227, 130, 232, 143, 8, 224, 118, 22, 226, 66, 237, 55, 241, 161, 262, 42, 254, 160, 
56, 247, 173, 284, 100, 199, 291, 162, 239, 48, 255, 39, 122, 236, 97, 228, 93, 194, 59, 246, 
148, 0, 135, 13, 121, 212, 33, 116, 40, 265, 182, 91, 269, 64, 273, 192, 88, 179, 68, 226, 
134, 218, 12, 143, 224, 4, 154, 55, 261, 149, 292, 161, 252, 50, 276, 114, 41, 264, 188, 259, 
48, 185, 96, 212, 124, 20, 127, 258, 178, 2, 146, 5, 137, 10, 103, 201, 281, 64, 245, 169, 
285, 207, 61, 241, 71, 164, 297, 213, 291, 154, 24, 123, 34, 112, 44, 251, 84, 191, 263, 37, 
122, 43, 261, 137, 247, 51, 275, 145, 26, 132, 17, 176, 281, 163, 238, 25, 117, 266, 186, 262, 
54, 244, 149, 53, 284, 158, 264, 128, 24, 177, 73, 184, 97, 189, 280, 65, 168, 249, 47, 138, 
296, 193, 271, 50, 210, 14, 124, 23, 192, 106, 39, 266, 179, 292, 103, 172, 243, 150, 295, 157, 
289, 202, 96, 238, 70, 165, 290, 200, 296, 153, 0, 147, 294, 102, 174, 66, 156, 57, 246, 142, 
7, 133, 21, 125, 29, 116, 37, 109, 19, 233, 157, 244, 170, 276, 46, 128, 13, 141, 225, 3, 
142, 236, 58, 208, 6, 135, 224, 144, 234, 72, 162, 79, 255, 181, 7, 152, 230, 24, 131, 231, 
12, 201, 2, 222, 136, 17, 119, 26, 102, 28, 113, 43, 109, 38, 267, 178, 110, 33, 123, 221, 
7, 195, 268, 37, 259, 126, 8, 191, 115, 27, 125, 237, 106, 183, 254, 49, 197, 61, 247, 129, 
11, 152, 228, 133, 256, 47, 122, 25, 107, 38, 257, 189, 275, 42, 115, 30, 105, 43, 270, 186, 
19, 126, 235, 154, 5, 198, 277, 165, 286, 203, 94, 183, 89, 224, 6, 119, 194, 103, 168, 280, 
204, 23, 167, 246, 62, 282, 54, 278, 205, 294, 157, 298, 149, 59, 196, 29, 118, 34, 109, 46, 
258, 193, 113, 18, 141, 16, 139, 219, 295, 176, 271, 37, 114, 35, 117, 178, 273, 171, 100, 203, 
288, 184, 52, 255, 81, 180, 113, 42, 106, 48, 248, 85, 168, 3, 130, 18, 230, 150, 12, 125, 
22, 129, 291, 164, 258, 192, 262, 189, 117, 23, 137, 299, 156, 295, 201, 273, 35, 100, 175, 246, 
139, 8, 151, 259, 187, 16, 120, 251, 165, 281, 188, 77, 247, 121, 34, 275, 62, 299, 199, 107, 
44, 103, 45, 111, 36, 115, 195, 21, 120, 9, 216, 294, 151, 58, 4, 145, 253, 142, 13, 146, 
1, 225, 5, 209, 284, 170, 249, 53, 140, 255, 41, 110, 185, 272, 36, 260, 83, 195, 263, 130, 
28, 121, 180, 87, 12, 148, 252, 188, 107, 47, 108, 41, 117, 175, 111, 32, 124, 197, 279, 179, 
245, 176, 293, 158, 229, 132, 10, 65, 228, 20, 217, 94, 213, 120, 182, 263, 39, 276, 33, 265, 
157, 230, 123, 268, 119, 28, 126, 4, 216, 58, 253, 186, 84, 27, 204, 99, 163, 292, 156, 3, 
61, 259, 51, 286, 214, 296, 64, 1, 142, 10, 177, 283, 185, 266, 181, 270, 46, 102, 48, 103, 
163, 236, 65, 206, 92, 36, 113, 174, 273, 67, 173, 119, 31, 277, 66, 235, 143, 2, 134, 17, 
131, 187, 260, 193, 256, 39, 112, 40, 109, 182, 292, 159, 282, 46, 262, 196, 107, 41, 136, 219, 
2, 60, 8, 147, 298, 223, 86, 189, 251, 18, 127, 218, 293, 152, 242, 160, 285, 156, 234, 161, 
106, 50, 287, 169, 274, 35, 116, 190, 250, 80, 21, 126, 30, 82, 192, 257, 83, 29, 114, 38, 
270, 177, 121, 15, 144, 223, 16, 140, 14, 63, 293, 108, 187, 282, 195, 128, 254, 193, 132, 186, 
261, 119, 23, 129, 194, 269, 178, 94, 220, 10, 99, 49, 105, 44, 104, 200, 98, 165, 289, 166, 
276, 206, 96, 37, 119, 179, 90, 275, 116, 27, 127, 286, 64, 284, 176, 242, 170, 124, 172, 120, 
22, 215, 128, 4, 211, 288, 144, 297, 62, 19, 135, 24, 118, 33, 114, 173, 274, 146, 224, 70, 
18, 234, 167, 105, 52, 101, 47, 261, 190, 134, 255, 182, 268, 183, 264, 36, 258, 196, 6, 56, 
17, 195, 100, 162, 290, 46, 112, 43, 110, 38, 90, 145, 204, 269, 26, 210, 11, 170, 279, 172, 
275, 177, 134, 14, 141, 295, 69, 208, 17, 73, 233, 163, 76, 184, 88, 155, 9, 124, 166, 285, 
52, 98, 174, 118, 183, 108, 44, 185, 254, 80, 161, 293, 220, 85, 26, 262, 41, 251, 61, 1, 
137, 21, 123, 36, 283, 162, 240, 63, 122, 257, 197, 113, 39, 105, 199, 260, 191, 270, 180, 267, 
198, 256, 130, 188, 263, 34, 284, 165, 110, 159, 107, 46, 95, 207, 23, 67, 227, 109, 166, 74, 
214, 92, 268, 27, 273, 175, 64, 13, 57, 5, 152, 249, 75, 4, 69, 168, 121, 164, 125, 31, 
266, 184, 105, 56, 14, 127, 6, 68, 279, 163, 126, 25, 274, 180, 115, 28, 260, 108, 193, 139, 
199, 99, 51, 101, 202, 271, 24, 116, 171, 248, 9, 143, 5, 249, 84, 141, 197, 261, 59, 11, 
58, 244, 180, 241, 178, 120, 170, 282, 37, 107, 49, 102, 212, 159, 12, 242, 62, 123, 167, 274, 
21, 130, 19, 140, 85, 158, 287, 33, 71, 267, 29, 112, 181, 272, 177, 131, 2, 157, 111, 41, 
87, 208, 280, 206, 268, 197, 102, 169, 298, 77, 31, 81, 244, 145, 295, 115, 34, 286, 147, 293, 
155, 4, 60, 15, 263, 184, 136, 86, 30, 68, 209, 289, 219, 98, 278, 173, 241, 153, 112, 35, 
262, 185, 133, 89, 40, 252, 187, 264, 32, 66, 7, 151, 214, 3, 161, 279, 28, 273, 22, 121, 
26, 117, 180, 269, 68, 0, 226, 91, 53, 97, 142, 190, 259, 201, 128, 236, 108, 45, 113, 31, 
73, 122, 32, 288, 168, 104, 189, 247, 11, 51, 100, 48, 105, 188, 249, 191, 78, 42, 205, 144, 
7, 138, 16, 125, 166, 275, 20, 58, 23, 272, 175, 135, 281, 57, 266, 187, 117, 17, 276, 176, 
110, 